

 | B  0 -  130   8  24 112  24  80  24  96  56 | B  1 -  130  88 104  48   0  40  40 104  24 | B  2 -  130  24  32  56 112  88  80  56   0 | B  3 -  130 112   8   8   0  64  96  72  72 | B  4 -  130 120  56  96  80  88  64   8  48 | B  5 -  130  40  64  48  88 104  32 112   0 | B  6 -  130  64  40 112  24 120  40  24 104 | B  7 -  130  48  40 104 112   8  48  56   0
 | B  8 -  130 112  24  80  72  96  96 120   8 | B  9 -  130  32  48  96   8  80  80   8  16 | B 10 -  130 120   0  40 112  40  72  88  96 | B 11 -  130 112  64  80 120 120  16 120 104 | B 12 -  130  40  80  48   8  48  40  24  80 | B 13 -  130  88 120  88  40  80  96  56  72 | B 14 -  130  96 104  64  16  48  24 112  32 | B 15 -  130  96  64  24  88  80  16  64   0
 | B 16 -  130  96 112   8  16  24  32  96 120 | B 17 -  130  32  56  32 112  32  96  56   0 | B 18 -  130  72 120  16 120  24   0  24 120 | B 19 -  130  72  48  80  24  64  16  24  40 | B 20 -  130   0  40  56  24  72  32  16 104 | B 21 -  130  88  56  88 120  24  24   0  96 | B 22 -  130  16  16  88  40  24 112  32  96 | B 23 -  130  32 112 120  96   0  24   8   0
 | B 24 -  130  64  72  32   8 104  48 120  64 | B 25 -  130 104  80  64   0 104  64  96   0 | B 26 -  130  80  56  40 104  40  80  72  72 | B 27 -  130  64  72  48  72  96  56  72  32 | B 28 -  130   0 104  40 104  32  32  48   8 | B 29 -  130 120 112  16  96  48 112  96   0 | B 30 -  130  48  16 112  88  96  56  40  32 | B 31 -  130   0  88 104  96  16  56   0  24
 | B 32 -  130  32  48   0  64  80  48  80  72 | B 33 -  130  32  96  48  80  80  16  88   0 | B 34 -  130  32  72  96   0   0   8  40   8 | B 35 -  130  96  16 104 112  72 112   8 112 | B 36 -  130  32  16  48 112  64   0  64 104 | B 37 -  130  96 112  56  56   0  16  56  40 | B 38 -  130  88  24  40  96  32  80 104   0 | B 39 -  130 104  80 120  48  64   0  32  96
 | B 40 -  130  16  88  88  88  88  24  64  64 | B 41 -  130   8 120 120   8  16  48  48 104 | B 42 -  130  80  96  72 112  48  48 120  24 | B 43 -  130   8 112  80  72 112 112  48   8 | B 44 -  130  72   8  96  40  32  32 104  40 | B 45 -  130  24  96  48  40  16 104  24  96 | B 46 -  130  72  96  88 120  24  80  24  32 | B 47 -  130  64 104 104  48  88  24  56  40
 | B 48 -  130  32  24  80  64  56  56 104  88 | B 49 -  130  24  32   0  40   8  24  16  80 | B 50 -  130   0 104  72  24  56  96  56 120 | B 51 -  130  72  32  40  40  64 104  80  96 | B 52 -  130   0  32  40  64  88  16  24 112 | B 53 -  129  96  48  48 112 112  80  16 112 | B 54 -  130  16  88  80  72  56   8  64   8 | B 55 -  130  40 112  48 104  88   0  80  88
 | B 56 -  130  32 120  24 120   8  48 104  64 | B 57 -  130  80   0 120   8  48   8  64  64 | B 58 -  130  96  16  16  24  24  80  32  64 | B 59 -  130  64  80  48  24  80   0 120 112 | B 60 -  130 120  16 104   0  72  80  64  24 | B 61 -  130  88  64  32   8  72  96  72  40 | B 62 -  130 112  88  64   8  48 104  72 112 | B 63 -  130  56 120  16  16 120   8   0 112

 | B 64 -  130  24 112 120  96  64  56 120  24 | B 65 -  130 120  24  32  64 120 112 104 104 | B 66 -  130  72  48 112 120  24  64 112  80 | B 67 -  130  56   0  96  56   8 104  40  32 | B 68 -  130  88  32   8  24  96   0  56  88 | B 69 -  130  32  88  32  24  72   8   8  24 | B 70 -  130  56 120  16  80  56   0  40 120 | B 71 -  130   0   8  48   8 112  88  48  72
 | B 72 -  130   0  56 104  96  56  32  56  88 | B 73 -  130 120  88 120  72 104   0  96  32 | B 74 -  130 120 112 120  56 120  32  48 120 | B 75 -  130  40  96   8  32  56  56 104  56 | B 76 -  130 112  80  24  40 112  88   8 112 | B 77 -  130  48   0  56  24   0  24  64 120 | B 78 -  130   8  56  48   0  88  96   0   0 | B 79 -  130  64   8  32   0  64  16  56  48
 | B 80 -  130  96  88  88  88  48  96  72  96 | B 81 -  130  96   0   0  96  24  64  96  32 | B 82 -  130 120  16  40  80 120  40  80  56 | B 83 -  130  48 120  56 112   8 120  32 104 | B 84 -  130  80 120  64   0  96   8  96  64 | B 85 -  130   8  96  40  32  32   8  72  24 | B 86 -  130  24 112 104  16  24  64  80  72 | B 87 -  130  56   8  56  64   0  88  40  80
 | B 88 -  130  80 112  80  48 120  56 120   8 | B 89 -  130  24  32  40  64  40 112  88  64 | B 90 -  130  96  72  88 120   8  40  64  64 | B 91 -  130  48 120   0  56  80  40   8  40 | B 92 -  130  24  96  88  24  24  80  32  48 | B 93 -  130 112  72 112  24  64  80  96  32 | B 94 -  130  24  56  32  32  96  96  96  16 | B 95 -  130  96  96  72  48   8  88  88  40
 | B 96 -  130  56  56  64  80   8  96   0   0 | B 97 -  130  40 120  24 104  72 120  16  96 | B 98 -  130  48  48   0  16  16  96  40 112 | B 99 -  130  64 112  40  72  72   0 112   0 | B100 -  130  56  48  80  72  16  88  72  64 | B101 -  130  80  96  40  24  96  56 120  16 | B102 -  130 104 120  40   0  88  80 112  24 | B103 -  130  64  24  96  16  32  88  16  88
 | B104 -  130   8 104  32  32  64 104  96  16 | B105 -  130  80   8  40  48  72  32  64  48 | B106 -  130  24 104  48 112  56  40   8   0 | B107 -  130  64 104  16  96  64  32  64  80 | B108 -  130   8  96 112  72  80  80  88  32 | B109 -  130  88   0  80  32  32  16  88  56 | B110 -  130   0   8  40  56  48  48  56 120 | B111 -  130  32  72  88  96 112  24  48 120
 | B112 -  130   0  32  72  80 112  32 112  80 | B113 -  130  40  64 112  72  80  72   8  80 | B114 -  130  88  48  16   8 104  72   0   8 | B115 -  130  24  96 104   8 120  32   0 120 | B116 -  130  64  72  72  56 112  56   8  24 | B117 -  130 120 120  96  80  72 104  32  32 | B118 -  129  64  96  80  16   0  96  32  48 | B119 -  130  16 120  32   8  24  32   8  96
 | B120 -  130 112  80  24  96  16  32 120   8 | B121 -  130  24  88  88  96  72   0   0 104 | B122 -  130  48  48 112  48  96   0  72 112 | B123 -  130 120 104 120  24  16   0 120   0 | B124 -  130  88  16  96 104  48  88 112  72 | B125 -  130  48  80  48 120  80  48  96   0 | B126 -  130  96  80  56  64  80   0  48  80 | B127 -  130 112  48 104   0  48  96   0   8

 | B128 -  130 112  96 112  32  56 104 104 104 | B129 -  130  56  24 104   8  80  72   8  48 | B130 -  130  32  64 120 112  72  40  64  56 | B131 -  130  88  40  56  16   8  56  24 120 | B132 -  130  24  16  24  80 120   8  56  48 | B133 -  130  32  32  56 112 112  64  40  16 | B134 -  130   8  32   0  80  72  72   8  40 | B135 -  130 112  64  56   0 120  80 120  16
 | B136 -  130  96  24  96  88  32  24   8  64 | B137 -  130  64  64  56  48   8  96  64  16 | B138 -  130   0  64  96  72   8 104 112   0 | B139 -  130  40  40   0  32   0 120  48  96 | B140 -  130  16  16  64  48  40  72 120 104 | B141 -  130  16  48  24  24  16  88  40  16 | B142 -  130  32   8  88  40 112  80  40  24 | B143 -  130 120  40  56 120  40 104  96  56
 | B144 -  130 120  32 112  32 104 104  16 120 | B145 -  129  48  80  32  80  16 112 112  80 | B146 -  130  64  16  80  48  96   0  72  96 | B147 -  130  40   0  88  80 104  56  16  96 | B148 -  130  88   0   8  72 104  24  64   0 | B149 -  130  64  88  40  72  16  96 112  88 | B150 -  130 112  72   8  88  72  88  56 112 | B151 -  130  88  16  72  72  80  88  40  40
 | B152 -  130  88  48 112  64  72  56  64  16 | B153 -  130  16 104  88  32  72  80 120  56 | B154 -  130  24   8  16  96  96  72  80  56 | B155 -  130  96  24   0  48 112  48  88  72 | B156 -  130  96  80   8  48   8  72  64  24 | B157 -  130  48  24  56 120 104  56  56   0 | B158 -  130  64  72  96  32  24  56  88 120 | B159 -  130  80  96  40  72  16   0  16 112
 | B160 -  130  80  32  32  88 104  96 112  32 | B161 -  130   0  48  24 104 104  80 112  40 | B162 -  130  32  80  72  56   8  32  48  96 | B163 -  130   0  88  40  16  88  56   8  48 | B164 -  130  88  40   8  72  16   0 104  16 | B165 -  130  48   0 120  24  88 104  64 120 | B166 -  130  64   8  48  72  40  96  40  48 | B167 -  130  56  80  64  16  16  72  64 104
 | B168 -  130 120  80  48   8  80  24  24   0 | B169 -  130  32  16  24 120   0  88 112  64 | B170 -  130  96  32   8   8   0  56  56  56 | B171 -  130   8   0  72  24  72  16   8  64 | B172 -  130  96  56  72  48  88  96  48 120 | B173 -  130 120  72 112 120  32  96  56   0 | B174 -  130   0  64   8   0 120  72  56   8 | B175 -  130  72   0  32  16  16  40  88 112
 | B176 -  130 104  32  32  64   8  80  56   0 | B177 -  130  24  40 120  56   8  48  56   8 | B178 -  130 112  72   8 112  16  64 120  88 | B179 -  130  64  24 104  88  72  64  72  48 | B180 -  130 104 112 112 112  64  40 112  96 | B181 -  130  80 104  24  88  24  88  96   8 | B182 -  130  32 104 120  48  40 112   8 104 | B183 -  130  16 112  64  88  56  16   8  32
 | B184 -  130   0 120  16  64  32   0  32 112 | B185 -  130 104  64  72   0  24  40   8  56 | B186 -  130  16   8 104  56 120 112  32   8 | B187 -  130  96 104  96  24 120 104  56 120 | B188 -  130  96  72  56   0  72  96 112  48 | B189 -  130  32  56  48  56  96  64 112 112 | B190 -  130  72  88  40  64  72  80  80  40 | B191 -  130  56  48  72  48  32   0  40   0

 | B192 -  130  80  96   8  24  64 120  80  96 | B193 -  130  56   0  24  24  64   8  16   8 | B194 -  130  96  56  80  40   8  32  88  64 | B195 -  130  80  32 112 112  32  24 120 112 | B196 -  130   0   0  16  64 120  96  40  48 | B197 -  130  96  64  80  40  80  96  48  48 | B198 -  130  24   0  96  40  32  56 104 120 | B199 -  130  88  96 104 120 120  96 112 120
 | B200 -  130  96   0  64  96  96 104  16  64 | B201 -  130  40  96 104 120  64  32  48  96 | B202 -  130  32  16   8  72  72 112  64  32 | B203 -  130  80  40  24  80  16   8  72 112 | B204 -  130   8   8  80 104 112 104  48  32 | B205 -  130  72  24  24  16  56  72 112  96 | B206 -  130  88 120  40  32 104 104  64  64 | B207 -  130  16  96  16  32 104  88  24 120
 | B208 -  130 104 104  96  88  80  16 120  32 | B209 -  130  48  24  48 104  96  32  72  64 | B210 -  130  24 112  96   0  88  40  64 112 | B211 -  130   8  80  16 112  48  40 104  24 | B212 -  130  24  80 112 104  96 112   8  16 | B213 -  130   8  56   0 104  88  72  40 112 | B214 -  130  64  16 120  24  56  56   8  64 | B215 -  130  16  32  48  64  72  32  88  96
 | B216 -  130 112  72  80  80  56  88 104  64 | B217 -  130  24 104  48 112  48  88 104 112 | B218 -  130 104  96  16  32  24  24  96  40 | B219 -  130  56  24 104   8  56  64 104  40 | B220 -  130  16  56 120  72  24  96  16  48 | B221 -  130  72  64  32   0  24   8 112   8 | B222 -  130 104   0  40   8  32  16  48  88 | B223 -  130  40  32  96  96  96  80   8 112
 | B224 -  130   8   0  64  32 104  80  80  48 | B225 -  130  16 120  48  40   0  40  48 112 | B226 -  130  40  96 120  72 112  40  40  24 | B227 -  130  72   8 120  48  88   0  32 104 | B228 -  130   0  96   8 104  48  96  32  64 | B229 -  130  88  80 112  88 120  32  72  40 | B230 -  130   0  64 112 112 112  24   8  56 | B231 -  130  40   0 104   0   0  16 104   8
 | B232 -  130 112 120 112  40  88  16 104  48 | B233 -  130 104  88   8  96   0  88   8   0 | B234 -  130  24   0 120   8  24   0  72  64 | B235 -  130   8  48  72   8  64  48  16  56 | B236 -  130  40   8  96   0  24  72  48   0 | B237 -  130  40  64 104  40  24 112  40  48 | B238 -  130 112  32  64  16  40   8  80  48 | B239 -  130  56  24  56   0  80  80  56 120
 | B240 -  130  88  24   0 112  96  48 120   8 | B241 -  130 112  96  48   8  80  96  64  72 | B242 -  130   0   0  88  40   8  40  88  64 | B243 -  130  72  24  64  24 104 120  16  64 | B244 -  130  16  16  48 120  72  40   0  56 | B245 -  130   8  56  72  96  24   8  40  24 | B246 -  130   8   0  72  16  40  32  80 112 | B247 -  130  56  24   8  32  16  32  96  40
 | B248 -  130  48  24  32 120  64  32  56  80 | B249 -  130  88   0  48 112   8  88  16  16 | B250 -  130  88  88  32   0 120 112 120  56 | B251 -  130   8   0  88  32  32  64  72  88 | B252 -  130  88 104  80  24   8   8 104 104 | B253 -  130   8  24  88  16 112 104  32  72 | B254 -  130  64  64  80  64  56  72 120  64 | B255 -  130  72  80  96 112  16  40  72 104

 | B256 -  130  16  24   8  32  40 112   8  48 | B257 -  130  16  96  72   0  80 104  80  16 | B258 -  130  48  32  80 104 104  72  40  48 | B259 -  130  32  16  32  48  56 104  32  80 | B260 -  130   8  40 112  48  24 120  96  40 | B261 -  130  88  40  48  40  24   0  64  72 | B262 -  130  32  16  48   8  96  88  56   0 | B263 -  130 104  96  48  40  72  80 120  80
 | B264 -  130 120 104   0  24  96 104  64  56 | B265 -  130  16 112 104  40 112  40 112  16 | B266 -  130  56  32  24  24   0  88  24 104 | B267 -  130  56  80  16   0  32   8  88  32 | B268 -  130 112  88  56  80  64 120  16  88 | B269 -  130 112 120   0  96  32 120 120  88 | B270 -  130  24  16 120  24 104  16   8  32 | B271 -  130  96  24  40   8  40   0  40  24
 | B272 -  130  88  96 112  32  88   0 120  72 | B273 -  130 120 120  48  24 112  40 112  16 | B274 -  130  56 104  40  40   0  48  72  96 | B275 -  130  80 112 104 120 112  16  16  80 | B276 -  130 112   0 112  80   0 104  24 120 | B277 -  130  96  72  16  88 112   8 104  48 | B278 -  130 112  16  88 112  72  32  88  24 | B279 -  130  24  64  16   8  88  32  88  72
 | B280 -  130  40  72  24  40  48  56  40  24 | B281 -  130   0  56 112 120  64  88  40  56 | B282 -  130 104   0  40  48  32   0  72  56 | B283 -  130  72  88  72  32   0  32 104  40 | B284 -  130 112   8  80  32  64 120  56  64 | B285 -  130  56  40  56 120   0  96  48 112 | B286 -  130  96  96  32   8  96 112  64  40 | B287 -  130  72   8  72  72  48  56 112  32
 | B288 -  130  64  72  64   0  64   0  64 120 | B289 -  130  40   0 120  48  96  40  32  72 | B290 -  130   8  64  80 112  48  16  24   0 | B291 -  130  32 104  72  80  32  64 112  96 | B292 -  130   8  48  96  72  48  32  72  96 | B293 -  130  32  64  16   8 104  48  80 120 | B294 -  130 112  32 104  40  48   0  40  80 | B295 -  130 104 112  32   8  48  16 104  56
 | B296 -  130  72  72   8 120 112  80  88  16 | B297 -  130  16 104  24 120  24 104 112  16 | B298 -  130   8  88  56  64  96  96  16  72 | B299 -  130  80  56  88   8  72  64  64  16 | B300 -  130  16  72  16   0  24 104  16  40 | B301 -  130  88  48  40 112  24  24   0  40 | B302 -  130 120  56 104  88  24 120  32 112 | B303 -  130  48 120 120   0  64  56  16  80
 | B304 -  130   8  32  80  32  16  96  80 104 | B305 -  130  16 120  88  48  16  96  88   8 | B306 -  130  24  64  96  56  56   8  40 112 | B307 -  130   0  32 112  64  88   0  16  96 | B308 -  130  40  96   8  56  72  88  32  88 | B309 -  130  80 120   8  96  88  96 112 120 | B310 -  130  32  80  48  96  88  88  80  96 | B311 -  130 120  64  32  80  64  56  56 104
 | B312 -  130  24  64  32  96  24  64  64 104 | B313 -  130  64  72  72  24  48  56  16  80 | B314 -  130  16  64  48 104  24   0  72  16 | B315 -  130  64 112 104   8  40  32 112  64 | B316 -  130  96  24  40 120  88 104  96  24 | B317 -  130  48  40  56  96 104  72  56 120 | B318 -  130  16 104  96  40 112  48  64  48 | B319 -  130  32  40  56  72  72  48   8  40

 | B320 -  130  72  48  32  32  24   0  64  80 | B321 -  130  40 120  48  16  64 104   8  80 | B322 -  130  88 112   0  72  32  64 120  64 | B323 -  130 104  56   8  48 104  16  88  48 | B324 -  130  72 120  80  96 120  16  48  32 | B325 -  130   8 104  56  80  80  64  32  40 | B326 -  130  48  32 112  80  96 112  16  72 | B327 -  130  40  24 120  16  48  80  64 120
 | B328 -  130  72  16  88  64  40  16 104  48 | B329 -  130 120  32   0  72  96  40 120  24 | B330 -  130  72 104 104  48  88   0 120   0 | B331 -  130  24 120  16  72  72  80  64  24 | B332 -  130 104  32  88  16  48  64  64  40 | B333 -  130  96  72 112  72 112 104  96  56 | B334 -  130  88  72 104  48  72 104  56 104 | B335 -  130  96  72  48  40  32 120  64   8
 | B336 -  130  24  32  24  72  96  88 112  72 | B337 -  130  32  96  16  16  80 112  80  40 | B338 -  130  56  56  88   8  32  16 112   0 | B339 -  130  96  32  48   0  24 112   8  48 | B340 -  130  16  32 120 120 120 104  64  32 | B341 -  130  80  80  48  32  64   0  72 120 | B342 -  130  64  32   0  96  56 112 104  24 | B343 -  130  24  24  24  48   8  32 104  32
 | B344 -  130  64  96  24  56  80  88  88  32 | B345 -  130  40  16  64 104  16   8  96  80 | B346 -  130  40 104  56  96  88  32 120 112 | B347 -  130  56  16  40  64  48  16  96 112 | B348 -  130 112 120  48  64  80   8  96 120 | B349 -  130  24  32  96  48  40  72   0  88 | B350 -  130  48  56  56   8  88  56   0  16 | B351 -  130  72  40  88   0  56  56 112  40
 | B352 -  130  56  32 112   8  48  80   8  72 | B353 -  130 120 104 120  32  48   0 120  96 | B354 -  130  56  56 112  24 112 112  40  56 | B355 -  130  24   0  56  80  64  48 120 120 | B356 -  130  80 104   0   0  64   8  80  56 | B357 -  130 120  72  88  40  72  88  16   8 | B358 -  130  16   0  32   0 112  72  56   8 | B359 -  130  80 120  88  16  40  80   8 120
 | B360 -  130  64   8   0   0  24  80  56  16 | B361 -  130  24  16  56 104 104  72 112 120 | B362 -  130  72  16 120  56  88  56  64  40 | B363 -  130  48  24  56  88 112  64  80  48 | B364 -  130  80  80  48 104  32 104 120  64 | B365 -  130 120  48  40 104   0  24  96  72 | B366 -  130  40  96   8   0  24  72  48  72 | B367 -  130 104 104  32  88  48 112   8   0
 | B368 -  130  72  56 104 104  32  96  40  24 | B369 -  130  16  80   0  16 104 104  96  16 | B370 -  130  72 104  24  96  48  72  40  24 | B371 -  130  48  72 112  96  56 120  96   0 | B372 -  130  48  72 112  80  40  24 112  64 | B373 -  130 112 112  80  88  88  48 112  32 | B374 -  130  24   8   0  80  80  40 104   0 | B375 -  130 112  96 104  48  88  72  48  16
 | B376 -  130  24  32  96  64  64  80   0  48 | B377 -  130  72  88   8  32   8 120  72  40 | B378 -  130   0  72 120  80 120  96  88 104 | B379 -  130  64  64  24  32   8  80  48  32 | B380 -  130 112  16 104  48 104 104  96  48 | B381 -  130  64 112  80  80 104  24 120 112 | B382 -  130 104 112  64  96  80  24  72  24 | B383 -  130  88 104  56 104  56 104   8  40

 | B384 -  130 120 112  96  96  96  64  16  32 | B385 -  130  48 104 112  32   0 104  16 104 | B386 -  130  88  80  72  48 112  24  72  72 | B387 -  130   0   0  48  56 104  64  96  96 | B388 -  130  48  64  72  16   8  88  56  56 | B389 -  130  64  40  88  72  24 104  48 112 | B390 -  130  64   0  32  48  24 104 120  24 | B391 -  130 104  48  80  80 112  48  56  32
 | B392 -  130 120   0  56   0  88 112  56  32 | B393 -  130  24  24 104  48   0  24  40  64 | B394 -  130  24  72 112  48  56 112  72  32 | B395 -  130  32  24 120  16  80  48  48  72 | B396 -  130  48 104  72   8  88   0  40 120 | B397 -  130  24  16  40  32  48  80  96  72 | B398 -  130  32  88   0  88  72  72 120 104 | B399 -  130 104 112 120  56  32  40   0  80
 | B400 -  130  24  72  96 112  72   8 104 104 | B401 -  130  32  24   8  80 104 104  24   8 | B402 -  130  64  24  96   8 104  96 112  80 | B403 -  130  80 104   8 120  24   8  72  48 | B404 -  130  80  40  32  24  56  16   0  88 | B405 -  130  40   8  40  16 120  64  32  56 | B406 -  130  96   0  72  72  96  56  24  56 | B407 -  130  40  32  48  64  40 120 112 120
 | B408 -  130  40  16  16  96  32  24  56  72 | B409 -  130  32  96  96  24  32   0  88   0 | B410 -  130   0  32  72 104  88  96  32   0 | B411 -  130   0  80  64  40  72  48  32 112 | B412 -  130  72  56  80 104  80   8  56 112 | B413 -  130 104  24  16  16  24 104  16  24 | B414 -  130   8  96   0  96  64  32 104  72 | B415 -  130 112  40 112  64  96  24  48  40
 | B416 -  130  80   8  16  32  16  72  16   0 | B417 -  130  96  32  16 120   8  32  24  16 | B418 -  130   0  24 120  72  64  96  16  48 | B419 -  130   8   0 112 104  24  40  16 104 | B420 -  130  48  40   8  64 112  32  64  88 | B421 -  130  64  80  80  80 120 104  96 120 | B422 -  130   8  88  64  72  56  80 120  72 | B423 -  130  88 112  48 112  24  72  96  72
 | B424 -  130 112 104   8  96   8  80  56  80 | B425 -  130  32  16  32  24 120   0  24   0 | B426 -  130  96  88  72  24  48  72  96   8 | B427 -  130  56  24 120  80  96  88  24  80 | B428 -  130  72  32  48  80 112 112  32  24 | B429 -  130   0  64  48 120  72  72   0  40 | B430 -  130  40  72  64  88  16  40  96  72 | B431 -  130  64  88  24  32  56  48 112   0
 | B432 -  130  88  32  80  72  16 120  96  16 | B433 -  130  56  24  16   0  96  16  40   8 | B434 -  130  88 112  96 112  24  64  56  88 | B435 -  130  32  88 120  88   8 104  88  96 | B436 -  130   8  40  48  32  32  16  48  96 | B437 -  130  40  64  96  16  80  16  24  48 | B438 -  130   0   0  32  24  64  88 112  96 | B439 -  130  48 104  56  64  80  16  32  88
 | B440 -  130  64  80 120  96 104  48  64  16 | B441 -  130 112  40  32  72  56  64 120  56 | B442 -  130  64  24  80   0 112  64 104  40 | B443 -  130  40  32 104 120  56   8  80 120 | B444 -  130  96  80  88  72   0  32  88 112 | B445 -  130  72   0  56   0  64  48  56   0 | B446 -  130  72   8   0  64  72 104 104 112 | B447 -  130  16  80 104  72  88  56  64  56

 | B448 -  130   8  24   0   8  56  96   0   0 | B449 -  130  96  56   0  32 112  56  32  56 | B450 -  130  64  32 120   8  16  96 120  32 | B451 -  130  48  96 104  16  32  40  72  40 | B452 -  130  64  80  56   0  48  56   0  16 | B453 -  130 112   8  48  96  64  80  32   8 | B454 -  130 112  24  16   0   0  16  32  48 | B455 -  130 112   8  64  16  48  16  64 120
 | B456 -  130  96 120 120  16  48 120  32  32 | B457 -  130   0  80   8  72  32  40  80  16 | B458 -  130  64  96  24  64 112  56 120 104 | B459 -  130  72  56 120 120  72  56 112  40 | B460 -  130  48 104  56  96 104  88   8 104 | B461 -  130  40  16  48  72  56   0  96 120 | B462 -  130 104 120  64  88  48  56  64 120 | B463 -  130 112  64 120  64 120 104 104  48
 | B464 -  130  88  40  16  64   0  24  40  48 | B465 -  130  40  96 120  96  96  88  96  72 | B466 -  130  80  32  40   8  88 104   0  72 | B467 -  130  40 120   8  40 104 120  88  64 | B468 -  130  32 104   0  32   8  40  80  48 | B469 -  130   8  80  24 112  40 120  56   0 | B470 -  130  24  96   8 112  80   8  56 120 | B471 -  130   8  72  32 112  64 120  48  96
 | B472 -  130 104  48   0 112  88  88  32 104 | B473 -  130  40  56  88  80  48  16  80  72 | B474 -  130 120  88  56  72 104 120  64 112 | B475 -  130  64 104  96   0  96  16  96  72 | B476 -  130  64  96  56  24  56  96   0  96 | B477 -  130  24  88  56  80 112   8  24 104 | B478 -  130 104  88  48  80  80 112  64  16 | B479 -  130  88  32  16  64  48 112   8 112
 | B480 -  130  80  72   8  16  40  16 112  64 | B481 -  130 104  40  16  88  56  48  64  32 | B482 -  130   8 112 112  88 104  48 104  64 | B483 -  130  80 120   0   0 104  16 112  56 | B484 -  130  88 120  72   0   8  64  64 120 | B485 -  130 104  88  80  32   8  24  64  16 | B486 -  130   8  48 104 112  96  80  56  48 | B487 -  130  72  56  48  48  72  32 104  32
 | B488 -  130  32  56  32  40 120 104  32  96 | B489 -  130  64 120   8  72  16  72  88  24 | B490 -  130   0  64  16  96  16  72  24  88 | B491 -  130   0  72   8  80 112 112 112  16 | B492 -  130  40  24  56  32   0  96   8  64 | B493 -  130  88  16   8 104  88  96   0  88 | B494 -  130  32  16  64  48  88  88   8  96 | B495 -  129  64  32  96  32   0  64  64  96
 | B496 -  130  56  96  80  56  64  88 120  24 | B497 -  130 104   0   0  72  96   0  32   0 | B498 -  130  24  96  48 112  56  56  80  96 | B499 -  130  72   0 112  80  40  24   0  96 | B500 -  130 120  80  32  56  48  24  80  24 | B501 -  130  32  80  96   0  80   8   8 104 | B502 -  130 104  56  96  40 120  48   8  64 | B503 -  130  56 120  16  96  16  16  64   8
 | B504 -  130 104  96  64  24   0  16  48  32 | B505 -  130  96  24  32  56  32  40  32   8 | B506 -  130 104   0  48  96  56  56  32 112 | B507 -  130  56  56  80  72  72  16  88  48 | B508 -  130 120  24  72 120  48   0  24  16 | B509 -  130  24  56  72  56 104 112  64  80 | B510 -  130 112 120  48  40  48  80  24 104 | B511 -  130   8 104  56  88   0  16   8 120

 | B512 -  130  40  88 112  88  88   8 112 112 | B513 -  130  64  56  40  40  40 104 120  32 | B514 -  130  96  40  72  24   0 104   0   8 | B515 -  130  80  56  96  80  72 112  72 120 | B516 -  130  72  56  80  32  64  64  16   8 | B517 -  130   0  56  48  40  32  48  72   8 | B518 -  130  88  24  32  88   0  32 104  80 | B519 -  130  96  72  40  40  56 112  32   0
 | B520 -  130  48 120  32 112  56  48 120  56 | B521 -  130 104  48 104  16  96  48  24  56 | B522 -  130  72  56  24  72  88   0  32  56 | B523 -  130  72  72 104   8  56   8   8 104 | B524 -  130   0  48  96  64  96  88 120  80 | B525 -  130   8  96  96 104  24 120  40  96 | B526 -  130  48  64  48   8  64  80  72   8 | B527 -  130  24  48  16  80  56  32  64  64
 | B528 -  130  80  32   0  48 120 120   0   8 | B529 -  130  96  96 112 120  88  24  88   8 | B530 -  130  88   8  24  24  88  96  40 112 | B531 -  130  16  56  72  72  88   8   8  40 | B532 -  130  40   8  96  32   8  96  40 104 | B533 -  130  72  32  96  32  56  56  48  24 | B534 -  130  72  72  48  32  40  88  24  56 | B535 -  130  24  96   0 112 104  16  32  16
 | B536 -  130  24   0  48  32  96  96   8  40 | B537 -  130   0 104  80  56  40   0  80 112 | B538 -  130  72   8  16 112  96  40  40 120 | B539 -  130   8  40 112 112  56  16   0  88 | B540 -  130  16  56 120 112  24   8  32  24 | B541 -  130 112 112  80  24 112  40   8  56 | B542 -  130  48  32  40  16  72  80  16  88 | B543 -  130 120   0  72  56  16  80  16  32
 | B544 -  129  16  16  32  64  32  96 112  16 | B545 -  130  32   8  32  16  48  48  72  96 | B546 -  130  80 112 120  24  64   8 112  64 | B547 -  130   8  64 120  24  16   8  56  24 | B548 -  130  16  72  56  40   0 112  48  32 | B549 -  130 120  80  56  48   0   0  16  80 | B550 -  130 120   8 112  56  16  96 120  24 | B551 -  130  32 112  48  48 120 104  72  16
 | B552 -  130  56   0  56  56 112 104  88 112 | B553 -  130  56  16  32  64  24  48  16  16 | B554 -  130  64   0  72  80 104  72 112   8 | B555 -  130  56  32  64  56  16   8  72  72 | B556 -  130  16   0   0   0 104  88 112  32 | B557 -  130 112  16  96   8  72 120  24   8 | B558 -  130 120  96  88  96  40  72 112 104 | B559 -  130 112  48  32   0  56 104  72  72
 | B560 -  130 104  72  80  80  32  64 112  16 | B561 -  130  88  88  24  32  80  48  40  72 | B562 -  130  24   0  48  64  80  32  40  64 | B563 -  130  80  72  64   8  48   8  88  24 | B564 -  130  80  40 104 112 104  96   8  64 | B565 -  130  56  32  96   8  88   8  80 112 | B566 -  130  16   0  48  96  32  96  32 112 | B567 -  130  40  96   0  96 104  88 120  56
 | B568 -  130   0 104  40 104  72  48  48   0 | B569 -  130  88  16   8  48  32  88  32  48 | B570 -  130  96  80  16   0  48  48 120  96 | B571 -  130  16 120  64 120  80  56  48  80 | B572 -  130  32  88  56 104  16 104 104 104 | B573 -  130   0 112  24  32  80  56  80  48 | B574 -  130   8  96  48  64  16  40  32  32 | B575 -  130  32  96  24 112  24  72  64  64

 | B576 -  130  32   0  40  48 104  24  24 104 | B577 -  130   8  48   8  88 104  88   8 120 | B578 -  130  56  64  56  72 104  88 104  16 | B579 -  130  56   0   0  80  72  72  16 112 | B580 -  130  72  64  32  48  88  64  32  96 | B581 -  130 112  40  64  96   8  72  88  64 | B582 -  130   8  16  16 120 104 120   8  32 | B583 -  130   0   8 112  72  80   8  56  24
 | B584 -  130  72  96  80  32  32 112   0  16 | B585 -  130  24  64 112  32  16  72 104  24 | B586 -  130  88 120  16  64 112  24  96 112 | B587 -  130  40  88  64 120  96 120  24  40 | B588 -  130  88 104  72 120  88  72  16 112 | B589 -  130  16   0  24  32  80   0  56  40 | B590 -  130 120  80 112 104 104  80  96  16 | B591 -  130  40  32  16   8  24  40  48 120
 | B592 -  130  16 120 112 104  72   0  88  88 | B593 -  130   8 112 120  88 112  48   0 104 | B594 -  130   0 112  88 112  72  56   0 112 | B595 -  130  88  16   0 112  56  48 104  72 | B596 -  130  48  96  48 120  96  16  80 104 | B597 -  130   0  72  64 120 120  72  96   0 | B598 -  130  56  56 112   0 112 112 120  72 | B599 -  130   8 120  64  64  40  40  16  88
 | B600 -  130   8  64  80 112  80  32  88  88 | B601 -  130 104  32  80 104 104  48 104  32 | B602 -  130 112  88  40  96  72  32  48  80 | B603 -  130  24 112  24  64  24  40  32  40 | B604 -  130 104 112  24  64  24 112  24   0 | B605 -  130  16 104 104 120  24  80  32   8 | B606 -  130  40  72 112 120 104  32  72   0 | B607 -  130  16  96  64  40   8  96  80 120
 | B608 -  130  88 104  56 112  96  80 112 112 | B609 -  130  56  96 112  80  48  16  96  96 | B610 -  130  88  80  88  64 112  32  64   0 | B611 -  130   8   0  40  16 104   0   8  64 | B612 -  130 104  64  48  72  16  32  64  72 | B613 -  130   0  48  32  56  64   0  24  24 | B614 -  130  80 112  88  64  16  24  64  24 | B615 -  130  24 104  48   0 104  56  64  88
 | B616 -  130   0 112  32  16  24  96  96  24 | B617 -  130  16   0  80  80   0 104 104  80 | B618 -  130  88  64  16 112  88  80   8 120 | B619 -  130  56  56 120  40 120  64   0 120 | B620 -  130  48  32   8  72   8 104 104  24 | B621 -  130 104  56 112 104  40  88  56   0 | B622 -  130  32  72 112 120  24   0 112  88 | B623 -  130  56 112   0  48  48   0  40  96
 | B624 -  130  32  56  48  40  32  24  72  16 | B625 -  130  80  56 120 120  16  56   0  48 | B626 -  130   0 112  48  32 112  32 120  48 | B627 -  130  16 120  96  64 120  16  40  24 | B628 -  130  72  88  72 104 112  16 120  64 | B629 -  130  72 120  64  88  48  64  16  48 | B630 -  130  48  64  80  40  96  72  88 120 | B631 -  130  64  56  56  56  72  96  88  16
 | B632 -  130  56  32   0  40  48 120 112 120 | B633 -  130 112  48  80  32 112  96  88  32 | B634 -  130  32  40  72   8 120  32   0  56 | B635 -  130  96  56 120  40  32  80  64  88 | B636 -  130 112  64   8  32  56 120  24  48 | B637 -  130  40 104  80  24  80  40  56 112 | B638 -  130  88   8 120  80  40 120   8   8 | B639 -  130  56   0  56  88  80 120  48  64

 | B640 -  130  56  56  96 112  48 120  32  88 | B641 -  130 104 120 112  56  32  48  40 120 | B642 -  130  56  40  72  96  32  88 112  88 | B643 -  130  88  40  48  48  32 104 112  88 | B644 -  130  32  88  72  88  80 112  48  56 | B645 -  130 104  40 112   8  88  32   8  16 | B646 -  130  72  80 112 104  40  96  72   8 | B647 -  130   8 120  56  40  96  40   0   8
 | B648 -  130   0  80  96  88  64  16  16  40 | B649 -  130  56   8  48  16  40  56  32 112 | B650 -  130  16  24  88  56 120  32  64   8 | B651 -  130  32 120  48   0  40  56   8  40 | B652 -  130   8 104   0  72   0  24 112  56 | B653 -  130  32  32  80  72  96 112  56 112 | B654 -  130   8  16  40   8  56 112  16  88 | B655 -  130 104  64  88  16 120 104  64   0
 | B656 -  130  80  64  72  80  88  56  16 120 | B657 -  130  96  96  64  64  80 120  48  96 | B658 -  130  16  88 104  72  72 120  32  56 | B659 -  130  56 120  72  56  96   8  56  56 | B660 -  130  80   8   8  40  64  24  40  32 | B661 -  130 120 104  96  80 104  16  48 120 | B662 -  130 112  24  64  56  16  96 112  72 | B663 -  130  88  64   0  64  72  64 120  24
 | B664 -  130  72   0  72   8  32 112  48  24 | B665 -  130  88  16 104  64  40  24  56  24 | B666 -  130  48 120  80  64  88  72  16  56 | B667 -  130   8  16 120  80  80 112 112  24 | B668 -  130 112  56  40  16  40  88  48   0 | B669 -  130 104  24  72  16  56   0  40 104 | B670 -  130   0   0  48  88  72  64  16  80 | B671 -  130  80   8  32  40 120  16  64 112
 | B672 -  130  72 104   0 112  64  48 120  48 | B673 -  130  80  64  64   8  64 112 112  64 | B674 -  130 112  32  32  56  96  48   8  56 | B675 -  130  64  40  96  56  64  32  40   8 | B676 -  130  16  48   0  80  96 120   0  48 | B677 -  130  56  72  56 120  56  48  64  40 | B678 -  130  80  96  96  56  16 104 112  80 | B679 -  130  16  80  16  80 112  56  96   0
 | B680 -  130 104  96  88  80  88  88   0  16 | B681 -  130  32  64   8  88 112  72   0  64 | B682 -  130  40  96 120  64  72 104  16  96 | B683 -  130  56  32  48  48  96  16  48  72 | B684 -  130 112   8  24  72 104  32  88   8 | B685 -  130  96 104 104  80  48 104  16  96 | B686 -  130  80  16  32  24 120  48 120  56 | B687 -  130  88  48 104  56  64  24   0  56
 | B688 -  130  40  32   0  16  64  96  24  32 | B689 -  130  72   0 112 120 112   0  88  64 | B690 -  130  16 120  88  16  48  88  72   8 | B691 -  130   8  48  64  72  72  64   0 112 | B692 -  130  96   8   0  32 104  32  64  48 | B693 -  130  32  48  40  16  56   8  80  72 | B694 -  130   0  48  88  48   8  32  56  16 | B695 -  130  80 120  88  32  64  96  16  32
 | B696 -  130 104  24  72  80  56   8   0  88 | B697 -  130  64  40 112 120  48  64  64  56 | B698 -  130 112  32 104 120  64  40   8  24 | B699 -  130  32 104  56  96  72  72   8  48 | B700 -  130  96  80   0  24  88   0 120  24 | B701 -  130  40 104  16  96  40  88  24  32 | B702 -  130 120   0  24  56  40  40  80  80 | B703 -  130  16   8  48  88  88  56   8  56

 | B704 -  130   8   8  88 104   8  80   0  48 | B705 -  130  56  24  16  96 112  40   0 104 | B706 -  130  48  32  32  88  72 120  40  88 | B707 -  130   0  96  48  88  24  56  24  40 | B708 -  130  64 112  16  72  64  16 120 120 | B709 -  130  40  16  88  24  56  96   0 104 | B710 -  130   0  40  72  72  32 112  32  32 | B711 -  130  80  80   0 112   8  24  24  72
 | B712 -  130   8  40  16  72  56   8  64 104 | B713 -  130  24  24   0  88 120   8  64 120 | B714 -  130  48   8  64  80   0  96 112  80 | B715 -  130  48 112  64  56   8  88   0  16 | B716 -  130   0  16  88  64  32  24  40  56 | B717 -  130  56  40  16  48  48  88  48  96 | B718 -  130  96 112  48  96  88  40  56   8 | B719 -  130  24 120  72  40  88  72  56  88
 | B720 -  130  96  24  24   0  48  64  56 104 | B721 -  130 112  80  32  32  40  80   8   8 | B722 -  130  64  56 112  24  96  40  40   0 | B723 -  130  32 112  40 120  56  96  88  24 | B724 -  130 120 112  24  48  56  88  24  40 | B725 -  130  40  56  72  80   8  80  88  80 | B726 -  130  16  72 104 112 112  16 112  24 | B727 -  130   0  24  16  64   0 104  88 120
 | B728 -  130  96 120  40  24  80  72  64 120 | B729 -  130   0   8  72  16  96  32  96 112 | B730 -  130 112  72  96  96  96  88 120  96 | B731 -  130 112  16  32 112 120   0 112  88 | B732 -  130 120  24 112  72  96  48  64 104 | B733 -  130  64   8 120  32  40  88  16  24 | B734 -  130  32 112   0   0  72 120 104  64 | B735 -  130   8   8  48   8   8  32  96   0
 | B736 -  130  64  88  72  32   8   8   8  72 | B737 -  130  16   0 104  64  88 120  88   0 | B738 -  130 112  88   0  56  88 104 120  96 | B739 -  130 120  48 104   0  80  80   8  16 | B740 -  130  40  80  56  48  96  64   0 112 | B741 -  130  72 104  48  32 104  16  32  88 | B742 -  130 104  40  16  64  16  16  40   8 | B743 -  130  64  16  16  16  96  24  40   8
 | B744 -  130 104  96  64  72  32  64  64 104 | B745 -  130  40 112  16  16   0  48 104 112 | B746 -  130  88   0  48 112  16  88 120  80 | B747 -  130 112   8  96  80  32   8  96  16 | B748 -  130 104  32  88  16  96  24 120   8 | B749 -  130  16   8  32  16  64   8   0  24 | B750 -  130   8  56   8  24  16   8 104   0 | B751 -  130  16  80  88  56  88  56  72  72
 | B752 -  130  88  32  88  56  64  80  64  80 | B753 -  130  96  96  96  32 112 104  56 120 | B754 -  130  32  72  24  48  80   0  56  96 | B755 -  130  80  16  24  48  72  96 120  32 | B756 -  130   8  80  88  72  32  24  24   0 | B757 -  130   0 120  32 112  96  96 104   0 | B758 -  130  40   0  56 120   8 112  88  88 | B759 -  130   0 120   8  72  88   0 104  96
 | B760 -  130  80  64  40 120  88  64 120  88 | B761 -  130  64  32  72  32   0  56  40  40 | B762 -  130  56  96  32  64  80 120  32  80 | B763 -  130 112  40  24  80  48   0  48   0 | B764 -  130  64  96 120  24  32 120 120  96 | B765 -  130  24  64   8  24 120  48  64  56 | B766 -  130  16  96 120  96  88  24  48  80 | B767 -  130  72  72  32 120  72  80 120   8

 | B768 -  130  48 120  32  88 112  24  56   8 | B769 -  130  96  64  32  88 112  96  16   0 | B770 -  130  64  16  96  24  40  16 104 112 | B771 -  130  88   8 104  32  96 104  40  16 | B772 -  130  96  80 104  80 104  40  88  72 | B773 -  130 104 120  40  96  88  56  96  24 | B774 -  130  72  72  48 120  88  32 104  56 | B775 -  130  40  88  88   8  64   8  32  32
 | B776 -  130  88   8 112  64  48  72  16  32 | B777 -  130  64  56   0  24 112  96  48  64 | B778 -  130  40  96  56   8   0  32  64  48 | B779 -  130 120  24  56  56  32  88  88 120 | B780 -  130 104  72  64  24  16  80  56  80 | B781 -  130   8  56 104 120  32  24  56  72 | B782 -  130   0 112  80   0  24  16  48  16 | B783 -  130  48 112  80  80  72  40  80  48
 | B784 -  130 120  16  80   8  96   8  96 104 | B785 -  130  72  72  96 104 104  32  48 104 | B786 -  130  16   8 104  40  24  32  64  72 | B787 -  130  16  16  32  88  56 112  16  48 | B788 -  130   0  96  64  96 104  32  72  48 | B789 -  130 104  40  24  80  72  80  56  96 | B790 -  130  88  40   8 112  72  72  64  88 | B791 -  130  88  96  48  24  80  64  72  80
 | B792 -  130  32   8  48  16  40 120  64  24 | B793 -  130  32  96 104 112  48  40  80   8 | B794 -  130  80  88 120  24  40  56 112   0 | B795 -  130  24  32  24 104 104 104  56   8 | B796 -  130 112 104  24  32  96  96  56   8 | B797 -  130  64  32 120 112  72  72 120  24 | B798 -  130  32 112  48  72  48  32  80  72 | B799 -  130  72 104  56  48  80 112  56  72
 | B800 -  130  96  88 104  64  56  32  72 120 | B801 -  130  64  64 104  16   8  96  40  48 | B802 -  130  80  96 120   0   0  72  80  72 | B803 -  130  56   8 120   8 120  56  80  88 | B804 -  130  16  56  32  72  88 104  64  32 | B805 -  130  48  40  48  56   8  88 104  88 | B806 -  130  56 104  96  64  48  48   8 104 | B807 -  130  56   8 120  48  64  72  16  80
 | B808 -  130   8  48  24  96  24  88   0  72 | B809 -  130   0  48   8   8  16 112  96  72 | B810 -  130  88  64   8  16 112  24 120  40 | B811 -  130  32 112  96  96  64 112  48  72 | B812 -  130  32  72  40  56  32  48   8  32 | B813 -  130  96  16  40 112   0   8  64  96 | B814 -  130  80  72 112  64  96 104 112   0 | B815 -  130  96  80  96  32  64  16 104  96
 | B816 -  130  88  16  24 120  64  32  24  40 | B817 -  130  48  64  24  56  80  88  24  32 | B818 -  130  40   8  96   8 112  80  16  80 | B819 -  130  32 112 112  96   8  88  64  96 | B820 -  130 112  96  96  48   0 120  88  56 | B821 -  130  64 120 112  16  80   8  48 120 | B822 -  130  16  16   8   0 104  24  88   8 | B823 -  130   8  72 112  16  40  48 120  24
 | B824 -  130  16  88  72  24  80  40  80  16 | B825 -  130  32  64  32 112  72  80 112  88 | B826 -  130 104 120  88  80  16  48  88  24 | B827 -  130   0  72  48  40   0  40  64  16 | B828 -  130   0   8  40  80  48 120 104  80 | B829 -  130  56   8  72   0  96  56  88  72 | B830 -  130  48  56  24  64 104 112  88 104 | B831 -  130  64   8  16  64  48  80  80  48

 | B832 -  130  96   0   8  16 120 112 104  56 | B833 -  130 120  48  56  88 104  24  32  24 | B834 -  130  80  56  88  56  48  48  40 112 | B835 -  130  64  56  48 112  16   0  40 112 | B836 -  130   0  48   0   0  32 104  56  24 | B837 -  130  24 112 120   0   8  24  24  88 | B838 -  130  88 112  24   8  40  64 120 104 | B839 -  130 120  40  88   8  40   0 120  48
 | B840 -  130  48   0  48  80 104 104 112   8 | B841 -  130  88 104   8 104   0  40  64  88 | B842 -  130  24  88  96  64  24  88  40  24 | B843 -  130   0   8  32  48   8  32  96  64 | B844 -  130  32  16  16   8 120   0  16  80 | B845 -  130 104  32  56 112  72   0  72  96 | B846 -  130  88  48  40 120   8  80  16  16 | B847 -  130  88  48  64 104  80  32  40 112
 | B848 -  130  48  56   0  40  64  16 120  40 | B849 -  130  48  56  24 120  56 104  96  16 | B850 -  130  24   8   8  32  88  24  48  56 | B851 -  130  80 112  32  32  16  72  24  64 | B852 -  130   0  24 104  64  40 104 112  96 | B853 -  130  32   8  88  88 112  56 104   8 | B854 -  130  64 120  48  32  16  96  88  96 | B855 -  130  88 120   8 104  64  32  48  64
 | B856 -  130  56  24   8  96   0 120  64  32 | B857 -  130   0  32 120 120  88 104   0  32 | B858 -  130  96  48  64 112  24  24  88 112 | B859 -  130  16  96  88  80   0   8  16  56 | B860 -  130  40  24  24  40  16  96  80  24 | B861 -  130   0  72  16  88  48  16 120  16 | B862 -  130  72  56   8  96  80  96  80  96 | B863 -  130  64  40  48  64  56  72 120  96
 | B864 -  130  96  16   8 120 112  88  16 112 | B865 -  130  40  32  80  88  48  72 112 120 | B866 -  130   8 120  88  88  88  40  64  24 | B867 -  130  88 112  88  16  56  80 112  32 | B868 -  130  96 120  24  88  88  40  72   0 | B869 -  130  72  24  88 120 104  72 120 112 | B870 -  130  64  80  72  24   0   8  48  88 | B871 -  130   0   8 104  56  88  88  88  64
 | B872 -  130  80 112  24  40  24  96  40  96 | B873 -  130   0   8  96 104  80  88  88  24 | B874 -  130  40  32  48  40  48 104   0  48 | B875 -  130 112 104 104  80  64  72  16  24 | B876 -  130  56  40  64  88   8 112  56   8 | B877 -  130 120  24 112  72 112  72  96  32 | B878 -  130 112  24  72  32   0  80  80 112 | B879 -  130  56  56  64   0   0  80  24  64
 | B880 -  130 120  88  24   8  72  80  16  64 | B881 -  130 112   8  16  96  80 112   0  64 | B882 -  130   8  80  96   8  32  48   0  88 | B883 -  130 112  64  88 112  24 112  48  16 | B884 -  130  80  72  24  24  32  48  96  16 | B885 -  130  56 112 112   8  96 120  80 112 | B886 -  130  72  48 120 104 104 120  64  88 | B887 -  130  64  32  72  88  16   0 104  96
 | B888 -  130  72   8   0 104  56  96 120 112 | B889 -  130  80 112 120  48 104  72  32  48 | B890 -  130   0  32  24 104  24  88  64  88 | B891 -  130 120   8  48  16   8  32 112  88 | B892 -  130  40 112  64  96  80  64  80  32 | B893 -  130  48  72  88  24  24 120  72  24 | B894 -  130  24  96   0  56  56  64  16  56 | B895 -  130  72  72  72  88 104  56  48  16

 | B896 -  130  48 112 112   0  48  64  40  96 | B897 -  130   8   0 120  32 120  64  56  24 | B898 -  130  32  56  80  96 120  96  24  72 | B899 -  130  40  96  32  16  24  80  32  72 | B900 -  130  64  16  80 120  80 120  88  96 | B901 -  130 120  88   0 112  24  64   8  64 | B902 -  130 120  88  32 120  64  56  64 104 | B903 -  130  24  96   0  48  48  32   0 112
 | B904 -  130  56  80 104   8  72  72 104  64 | B905 -  130  32 112  48  56  48  64 120  40 | B906 -  130  24  24  32  88  80  96  72 104 | B907 -  130  64  72  32 112 104  32 104  32 | B908 -  130 112  80  48  56  24  24 120  56 | B909 -  130   8  40 120  56 104 112 104   8 | B910 -  130  16   8  96  96 112  40  80  48 | B911 -  130 112 112  40  96  16  16   0   0
 | B912 -  130  96  48  56   0  80  48  56  88 | B913 -  130  88  48  24  72  40   0  80  56 | B914 -  130   8  48  24 120  96 104  48  80 | B915 -  130  88  88  48 104 104  56 104  72 | B916 -  130 104  32  72  56  80   8  24  48 | B917 -  130  56  48 120  96  48  72  24  56 | B918 -  130 120  56  56  88  32 104  48   0 | B919 -  130  64  96 104  40  24  88 112   8
 | B920 -  130 120  64  64  80  72  88   0   0 | B921 -  130   8 120 104  56  64   0 120  56 | B922 -  130  56  48  24  96  24  72  96  88 | B923 -  130  40  72   0  72  32 112  80  32 | B924 -  130  48  16 112 120 112 112   0 120 | B925 -  130 104 104  56  40 104  48  96  40 | B926 -  130  96 120   8 120  64 104  80 112 | B927 -  130  48  80  56  88  64   8 120 120
 | B928 -  130  24 104 112   8  88 112   8  64 | B929 -  130  88  64 104  72 112  72 112  80 | B930 -  130  72 120  72   8  96  24 120  16 | B931 -  130 104  48 104  40  56  96  32  88 | B932 -  130  72  24  96  32   8 104  96 104 | B933 -  130  40  72  48  24  24  32 104  96 | B934 -  130  24  48 104 120  72 104   8  48 | B935 -  130  24 120  96  88  88   0  48  40
 | B936 -  130  24  16  72  40   0  48  16  40 | B937 -  130 120  64  72  16  96  48 112 120 | B938 -  130 104  96 112  48  72 120 104  96 | B939 -  130 112  72  56  80  72 104 120 104 | B940 -  130   0  64  16   0 112  32  40 112 | B941 -  130  96 112   0  64  40 120  56  16 | B942 -  130  88  40  64  32  32  40   0  24 | B943 -  130 112  64 104  64  40  96  40  40
 | B944 -  130  32  56  40  24  88  88   8  56 | B945 -  130  72   8 120 112   0  48   0  88 | B946 -  130  88  72 120 120 112   0  16 104 | B947 -  130  64 120  40 104  88  80  24   0 | B948 -  130   8  64  24  96  24  32  24 104 | B949 -  130  40  16  88  48  64  96   8  24 | B950 -  130  40   8  16  24   8  40   0  72 | B951 -  130  32  40  48   0 120  72   0   0
 | B952 -  130  16  24  96  40  56 120  16  96 | B953 -  130   8 112  16  72  80  32  96 120 | B954 -  130  40 120  16  48  32  24 120  64 | B955 -  130  64  40  64  64 120  64  64   8 | B956 -  130  88  40  48  16  32  72 120  48 | B957 -  130  56   8 120   8  40  96   0  80 | B958 -  130  88  16   0 120  40 120  56 112 | B959 -  130  40   0  48  32  64 112  40  32

 | B960 -  130  24  88  48  64  32  40 112  88 | B961 -  130  56 104  96  96  72  96  56  32 | B962 -  130 120  56  24  32  56  88  16  96 | B963 -  130  88  64   0  24  56  40  56  80 | B964 -  130   0 112  16  40  24   0   0  80 | B965 -  130 112 104  56  56  72 112  96  64 | B966 -  130  40 120 104  96  80 120  64  40 | B967 -  130  64  64  72 120 104   0  72 112
 | B968 -  130 112  96  24  16  96  24  96  80 | B969 -  130   0  24  16  80   8 112  16  56 | B970 -  130 104 120  24  64 120  96 104  56 | B971 -  130  32  48  48  16  56 120   0  40 | B972 -  130  88  24  56  64  48  32  16  56 | B973 -  130  56  32   8  72  16  24   0   0 | B974 -  130  24  24  64  16 120  40  72  32 | B975 -  130  96 120  48  24 112  48  64  80
 | B976 -  130  72   0  16 120  32  32  48  88 | B977 -  130  72  56  32  88  88  32  88 112 | B978 -  130  64  24   0  56  72  72  88  40 | B979 -  130  64   8  64  48  56   0   0   0 | B980 -  129   0  32   0  64 112  96   0   0 | B981 -  130 112  32  88  72  72  56  56   8 | B982 -  130  80  56  64  24   0  32  64  64 | B983 -  130  40   0 112 104   8 120 104   8
 | B984 -  130   8 104  48  64  32  48  64  16 | B985 -  130  80  32  88  24  88  16  32  40 | B986 -  130  72 104  72  72   8   8   8  48 | B987 -  130  16 120  24  24 112   8  32   0 | B988 -  130 112  80  64  16   0   8  32  88 | B989 -  130  40 120 112   0   8  24  40  80 | B990 -  130   0 112  24   8   0  32  56  16 | B991 -  130  32  88  40  16  96  72  16  80
 | B992 -  130  32  88 104  32  96   8 120   8 | B993 -  130   8 112   8  16   8  48 104   8 | B994 -  130  40   0  16  40  40  72  56  72 | B995 -  130  32  96  88   0  40 112  88  72 | B996 -  130  72  64 112  40  72 104  48  80 | B997 -  130  88  56 104  96 104  80 104  16 | B998 -  130  80 120  56 120  72 112  64 104 | B999 -  130  80  32 112   0  16  72  72  88
 | B1000 -  130   8  56   0  80  40  48  40   0 | B1001 -  130 104  16 104  80  96  80 104  48 | B1002 -  130  80  32  48  24  24 112   0 104 | B1003 -  130  16 112 104  32  56  56 120  64 | B1004 -  130 112 120  24  24  40  64  32  16 | B1005 -  130  80   8 104  48  88  80  96  40 | B1006 -  130 112  16  64   8   8  72 120  24 | B1007 -  130  56  96  64 120  24  56  56  16
 | B1008 -  130  56  80  40  96  16  72 120  96 | B1009 -  130  80  96  16  48  48 120  88  32 | B1010 -  130   8  32  48  16 104  40  48  32 | B1011 -  130   8 112  24  40  40  88  56  96 | B1012 -  130  40  96  72  64  48  64  32   0 | B1013 -  130  32  56  48  80  48  16 112  56 | B1014 -  130  48  32  80  24  72   0  56  88 | B1015 -  130 112  88   0  24  48  56   0  88
 | B1016 -  130  24  72  24  72   8  64  80  40 | B1017 -  130 120   0 120  40  16 104  96  64 | B1018 -  130  16  48  88  88  48  24  48  32 | B1019 -  130 112  48  64  32 104  64 120   8 | B1020 -  130   8  24  80  16  88  32  56  80 | B1021 -  130  40  48 120  56  24  88   0  40 | B1022 -  130  16  88   8  64 112  56 104  96 | B1023 -  130 112  40   0  88 104   0  96 112
